-a -v -d 500 -f 0,0,.5,red 
-s 0,2,1,1,100,1.0,.25,0,b,s,e 
-s 0,-2,1,1,100,1.0,.25,180,b,s,e 
-Q 0.5,1,(255/0/0),0.5,1,(0/255/0) 
-k -4,4,1,1,100,1.0,.25,0,b,s,e 
-k 0,4,1,1,100,1.0,.25,45,b,s,e 
-k 4,4,1,1,100,1.0,.25,90,b,s,e 
-k -4,-4,1,1,100,1.0,.25,180,b,s,e 
-k 0,-4,1,1,100,1.0,.25,225,b,s,e 
-k -4,-4,1,1,100,1.0,.25,270,b,s,e 
-j 1,0,-4,4,1,1,0.5,0.9,1,0,-4,4,1,1,0.5,0.97,1,0,-4,4,1,1,0.5,1.0,1,0,-4,4,1,1,0.5,1.004,1,0,-4,4,1,1,0.5,1.007,1,0,-4,4,1,1,0.5,1.010,1,0,-4,4,1,1,0.5,1.2 
-J 2,r,0,1.004,0,50,100,100,50,r,0,1.004,0,50,100,100,50,r,0,1.004,0,50,100,100,50,r,0,1.004,0,50,100,100,50,r,0,1.004,0,50,100,100,50,r,0,1.004,0,50,100,100,50,r,0,1.0,0,50,100,100,50 
